[gd_scene format=3 uid="uid://rcn2nlicdsn1"]

[ext_resource type="PackedScene" uid="uid://dn7cf5pqe37pv" path="res://player.tscn" id="1_ig7tw"]

[sub_resource type="ViewportTexture" id="ViewportTexture_uprnm"]
viewport_path = NodePath("Peeping")

[node name="Node3D" type="Node3D" unique_id=88073255]

[node name="CSGBox3D" type="CSGBox3D" parent="." unique_id=1400161977]
transform = Transform3D(1, 0, 0, 0, 1, 0, 0, 0, 1, 3.5578003, 0, 2.479248)
use_collision = true
size = Vector3(14.3446045, 1, 35.950684)

[node name="CSGBox3D2" type="CSGBox3D" parent="." unique_id=145516662]
transform = Transform3D(1, 0, 0, 0, 1, 0, 0, 0, 1, -3.1145205, 1, 2.338831)
use_collision = true
size = Vector3(1, 1, 5.6777725)

[node name="CSGCylinder3D" type="CSGCylinder3D" parent="." unique_id=1956129894]
transform = Transform3D(1, 0, 0, 0, 0.40623295, 0, 0, 0, 1, -1.3521969, 0.69546247, 4.4025774)
use_collision = true
height = 1.1135254

[node name="CSGTorus3D" type="CSGTorus3D" parent="." unique_id=1083971574]
transform = Transform3D(1, 0, 0, 0, 1, 0, 0, 0, 1, -1.0022397, 0.8276813, 0.8694407)
use_collision = true
inner_radius = 0.38896114
outer_radius = 0.5601979

[node name="CSGBox3D3" type="CSGBox3D" parent="." unique_id=885295569]
transform = Transform3D(1, 0, 0, 0, 1, 0, 0, 0, 1, 2.5313225, 0.9260348, 2.0544026)
use_collision = true

[node name="Player" parent="." unique_id=819570037 instance=ExtResource("1_ig7tw")]
transform = Transform3D(1, 0, 0, 0, 1, 0, 0, 0, 1, 0.767043, 1.6328127, 2.4833915)

[node name="DirectionalLight3D" type="DirectionalLight3D" parent="." unique_id=807584867]
transform = Transform3D(1, 0, 0, 0, 0.18223552, 0.9832549, 0, -0.9832549, 0.18223552, 0, 6.910613, 15.2058735)

[node name="Peeping" type="SubViewport" parent="." unique_id=1079317708]
size = Vector2i(128, 128)

[node name="Camera3D" type="Camera3D" parent="Peeping" unique_id=1574512322]
transform = Transform3D(-0.111388005, 0, -0.993777, 0, 1, 0, 0.993777, 0, -0.111388005, -2.3771608, 0.75847054, 0.47931552)
fov = 81.42417

[node name="Sprite3D" type="Sprite3D" parent="." unique_id=1183796029]
transform = Transform3D(0.07610425, 0, -0.9970999, 0, 1, 0, 0.9970999, 0, 0.07610425, 3.0556757, 0.8764336, 2.096724)
pixel_size = 0.005
texture = SubResource("ViewportTexture_uprnm")
